A = {{1,2,3},{5,6,7},{9,10,11},{4,8,12}}
B = {{1},{5},{9}}
C = {{1, 2, 3, 4, 5, 6}}
D = {{4},{3},{1}}

AB = {{38}, {98}, {158}, {152}}
BC = {{1, 2, 3, 4, 5, 6}, {5, 10, 15, 20, 25, 30}, {9, 18, 27, 36, 45, 54}}

# (AB)C = {{38, 76, 114, 152, 190, 228}, {98, 196, 294, 392, 490, 588}, {158, 316, 474, 632, 790, 948}, {152, 304, 456, 608, 760, 912}}
# A(BC) = {{38, 76, 114, 152, 190, 228}, {98, 196, 294, 392, 490, 588}, {158, 316, 474, 632, 790, 948}, {152, 304, 456, 608, 760, 912}}
# (AB)C != A(BC)
# (AB)C == A(BC)

# (B+D) = {{5}, {8}, {10}}
# AB = {{38}, {98}, {158}, {152}}
# AD = {{13}, {45}, {77}, {52}}
# E1 = A(B+D) = {{51}, {143}, {235}, {204}}
# E2 = AB + AD = {{51}, {143}, {235}, {204}}

F1 = {{-6, 2, 5}, {-4, 1, -5}, {-3, -2, 8}}
F2 = {{5, 2, -5}, {-8, -10, 4}, {9, -7, 1}}

# F1F2 = {{-1, -67, 43}, {-73, 17, 19}, {73, -42, 15}}
# F2F1 = {{-23, 22, -25}, {76, -34, 42}, {-29, 9, 88}}